0	0.000000	0.000000	0.009553
0.05	0.0518554	-0.0005938694828385	0.0132411360108205
0.1	0.1037108	-0.001361768958228	0.0162651261257651
0.15	0.1555662	-0.0022692588750795	0.0186249703448339
0.2	0.2074216	-0.003281899682304	0.0203206686680269
0.25	0.259277	-0.0043652518288125	0.021352221095344
0.3	0.3111324	-0.005484875763516	0.0217196276267853
0.35	0.3629878	-0.0066063319353255	0.0214228882623507
0.4	0.4148432	-0.007695180793152	0.0204620030020403
0.45	0.4666986	-0.0087169827859065	0.018836971845854
0.5	0.518554	-0.0096372983625	0.016547794793792
0.55	0.5704094	-0.0104216879718435	0.013594471845854
0.6	0.6222648	-0.011035712062848	0.00997700300204029
0.65	0.6741202	-0.0114449310844245	0.00569538826235069
0.7	0.7259756	-0.011614905485484	0.000749627626785262
0.75	0.777831	-0.0115111957149375	-0.00486027890465602
0.8	0.8296864	-0.011099362221696	-0.0111343313319731
0.85	0.8815418	-0.0103449654546705	-0.0180725296551661
0.9	0.9333972	-0.009213565862772	-0.0256748738742349
0.95	0.9852526	-0.0076707238949115	-0.0339413639891795
1	1.037108	-0.005682	-0.042872
1.05	1.0890554	-0.003067605489637	-0.0575448527046397
1.1	1.1410028	0.000271821749704001	-0.0707861103877384
1.15	1.1929502	0.004261914078801	-0.082595773049296
1.2	1.2448976	0.00882830385843201	-0.0929738406893127
1.25	1.296845	0.013896623449375	-0.101920313307788
1.3	1.3487924	0.019392505212408	-0.109435190904723
1.35	1.4007398	0.025241581508309	-0.115518473480116
1.4	1.4526872	0.031369484697856	-0.120170161033969
1.45	1.5046346	0.037701847141827	-0.123390253566281
1.5	1.556582	0.044164301201	-0.125178751077051
1.55	1.6085294	0.050682479236153	-0.125535653566281
1.6	1.6604768	0.057182013608064	-0.124460961033969
1.65	1.7124242	0.063588536677511	-0.121954673480116
1.7	1.7643716	0.069827680805272	-0.118016790904723
1.75	1.816319	0.075825078352125	-0.112647313307788
1.8	1.8682664	0.081506361678848	-0.105846240689313
1.85	1.9202138	0.086797163146219	-0.0976135730492961
1.9	1.9721612	0.091623115115016	-0.0879493103877384
1.95	2.0241086	0.095909849946017	-0.0768534527046397
2	2.076056	0.099583	-0.064326
2.05	2.12787215	0.102017117726272	-0.030220005701965
2.1	2.1796883	0.102776317818527	0.000322478669961009
2.15	2.23150445	0.102045247641622	0.0273014531157781
2.2	2.2833206	0.100008554560416	0.0507169176354862
2.25	2.33513675	0.0968508859397656	0.0705688722290854
2.3	2.3869529	0.092756889144529	0.0868573168965757
2.35	2.43876905	0.0879112115395639	0.0995822516379571
2.4	2.4905852	0.082498500489728	0.108743676453229
2.45	2.54240135	0.0767034033598791	0.114341591342393
2.5	2.5942175	0.070710567514875	0.116375996305447
2.55	2.64603365	0.0647046403195734	0.114846891342393
2.6	2.6978498	0.058870269138832	0.109754276453229
2.65	2.74966595	0.0533921013375086	0.101098151637957
2.7	2.8014821	0.048454784280461	0.0888785168965758
2.75	2.85329825	0.0442429653325468	0.0730953722290855
2.8	2.9051144	0.040941291858624	0.0537487176354862
2.85	2.95693055	0.0387344112235501	0.0308385531157783
2.9	3.0087467	0.037806970792183	0.00436487866996109
2.95	3.06056285	0.0383436179293803	-0.0256723057019649
3	3.112379	0.040529	-0.059273
3.05	3.16431065	0.0441042994925993	-0.0780706792015129
3.1	3.2162423	0.048601448160724	-0.0947754026976035
3.15	3.26817395	0.0539117553612148	-0.109387170488272
3.2	3.3201056	0.059926530450912	-0.121905982573517
3.25	3.37203725	0.0665370827866563	-0.132331838953341
3.3	3.4239689	0.073634721725288	-0.140664739627741
3.35	3.47590055	0.0811107566236478	-0.14690468459672
3.4	3.5278322	0.088856496838576	-0.151051673860276
3.45	3.57976385	0.0967632517269132	-0.15310570741841
3.5	3.6316955	0.1047223306455	-0.153066785271121
3.55	3.68362715	0.112625042951177	-0.15093490741841
3.6	3.7355588	0.120362698000784	-0.146710073860276
3.65	3.78749045	0.127826605151162	-0.14039228459672
3.7	3.8394221	0.134908073759152	-0.131981539627741
3.75	3.89135375	0.141498413181594	-0.121477838953341
3.8	3.9432854	0.147488932775328	-0.108881182573517
3.85	3.99521705	0.152770941897195	-0.0941915704882716
3.9	4.0471487	0.157235749904036	-0.0774090026976034
3.95	4.09908035	0.160774666152691	-0.058533479201513
4	4.151012	0.163279	-0.037565
4.05	4.1982078	0.164431984304703	-0.0117892456048843
4.1	4.2454036	0.164438494746064	0.0110187241170613
4.15	4.2925994	0.163438598295961	0.0308589091658368
4.2	4.3397952	0.161572361926272	0.0477313095414422
4.25	4.386991	0.158979852608875	0.0616359252438776
4.3	4.4341868	0.155801137315648	0.0725727562731429
4.35	4.4813826	0.152176283018469	0.0805418026292382
4.4	4.5285784	0.148245356689216	0.0855430643121634
4.45	4.5757742	0.144148425299767	0.0875765413219185
4.5	4.62297	0.140025555822	0.0866422336585035
4.55	4.6701658	0.136016815227793	0.0827401413219184
4.6	4.7173616	0.132262270489024	0.0758702643121633
4.65	4.7645574	0.128901988577571	0.0660326026292382
4.7	4.8117532	0.126076036465312	0.053227156273143
4.75	4.858949	0.123924481124125	0.0374539252438776
4.8	4.9061448	0.122587389525888	0.0187129095414422
4.85	4.9533406	0.122204828642479	-0.00299589083416322
4.9	5.0005364	0.122916865445776	-0.0276724758829388
4.95	5.0477322	0.124863566907657	-0.0553168456048843
5	5.094928	0.128185	-0.085929
5.05	5.1425605	0.131930281565981	-0.0715060583045977
5.1	5.190193	0.13501394920985	-0.0581490631034483
5.15	5.2378255	0.137486776627994	-0.0458580143965517
5.2	5.285458	0.1393995375168	-0.0346329121839081
5.25	5.3330905	0.140803005572656	-0.0244737564655173
5.3	5.380723	0.14174795449195	-0.0153805472413793
5.35	5.4283555	0.142285157971069	-0.00735328451149427
5.4	5.475988	0.1424653897064	-0.00039196827586207
5.45	5.5236205	0.142339423394331	0.00550340146551724
5.5	5.571253	0.14195803273125	0.0103328247126437
5.55	5.6188855	0.141371991413544	0.0140963014655172
5.6	5.666518	0.1406320731376	0.0167938317241379
5.65	5.7141505	0.139789051599806	0.0184254154885057
5.7	5.761783	0.13889370049655	0.0189910527586207
5.75	5.8094155	0.137996793524219	0.0184907435344828
5.8	5.857048	0.1371491043792	0.0169244878160919
5.85	5.9046805	0.136401406757881	0.0142922856034483
5.9	5.952313	0.13580447435665	0.0105941368965517
5.95	5.9999455	0.135409080871894	0.00583004169540232
6	6.047578	0.135266	0.000000
6.05	6.11338675	0.135414889645931	-0.0043989846170722
6.1	6.1791955	0.13582840813195	-0.00804236032708417
6.15	6.24500425	0.136456829780394	-0.0109301271300359
6.2	6.310813	0.1372504289136	-0.0130622850259274
6.25	6.37662175	0.138159479853906	-0.0144388340147587
6.3	6.4424305	0.13913425692365	-0.0150597740965297
6.35	6.50823925	0.140125034445169	-0.0149251052712405
6.4	6.574048	0.1410820867408	-0.0140348275388911
6.45	6.63985675	0.141955688132881	-0.0123889408994815
6.5	6.7056655	0.14269611294375	-0.00998744535301158
6.55	6.77147425	0.143253635495744	-0.00683034089948146
6.6	6.837283	0.1435785301112	-0.00291762753889112
6.65	6.90309175	0.143621071112456	0.00175069472875946
6.7	6.9689005	0.14333153282185	0.00717462590347027
6.75	7.03470925	0.142660189561719	0.0133541659852413
6.8	7.100518	0.1415573156544	0.0202893149740726
6.85	7.16632675	0.139973185422231	0.0279800728699641
6.9	7.2321355	0.13785807318755	0.0364264396729158
6.95	7.29794425	0.135162253272694	0.0456284153829278
7	7.363753	0.131836	0.055586
7.05	7.42913635	0.127862326708333	0.065534185184875
7.1	7.4945197	0.12332251711284	0.0729034456134475
7.15	7.55990305	0.118385189953488	0.0776937812857172
7.2	7.6252864	0.11321896397024	0.0799051922016844
7.25	7.69066975	0.107992457903063	0.0795376783613489
7.3	7.7560531	0.10287429049192	0.0765912397647107
7.35	7.82143645	0.0980330804767775	0.07106587641177
7.4	7.8868198	0.0936374465976	0.0629615883025265
7.45	7.95220315	0.0898560075943525	0.0522783754369805
7.5	8.0175865	0.086857382207	0.0390162378151318
7.55	8.08296985	0.0848101891755075	0.0231751754369805
7.6	8.1483532	0.08388304723984	0.00475518830252655
7.65	8.21373655	0.0842445751399625	-0.0162437235882301
7.7	8.2791199	0.08606339161584	-0.0398215602352892
7.75	8.34450325	0.0895081154074375	-0.0659783216386511
7.8	8.4098866	0.09474736525472	-0.0947140077983157
7.85	8.47526995	0.101949759897653	-0.126028618714283
7.9	8.5406533	0.1112839180762	-0.159922154386553
7.95	8.60603665	0.122918458530327	-0.196394614815125
8	8.671420	0.137022	-0.235446
8.05	8.73642675	0.159804106228496	-0.461312051847519
8.1	8.8014335	0.19645832251277	-0.662235835079511
8.15	8.86644025	0.245363233032499	-0.838217349695973
8.2	8.931447	0.30489742196736	-0.989256595696908
8.25	8.99645375	0.373439473497031	-1.11535357308231
8.3	9.0614605	0.44936797180119	-1.21650828185219
8.35	9.12646725	0.531061501059514	-1.29272072200654
8.4	9.191474	0.61689864545168	-1.34399089354536
8.45	9.25648075	0.705257989157366	-1.37031879646865
8.5	9.3214875	0.79451811635625	-1.37170443077642
8.55	9.38649425	0.883057611228009	-1.34814779646865
8.6	9.451501	0.96925505795232	-1.29964889354536
8.65	9.51650775	1.05148904070886	-1.22620772200654
8.7	9.5815145	1.12813814367731	-1.12782428185219
8.75	9.64652125	1.19758095103734	-1.00449857308231
8.8	9.711528	1.25819604696864	-0.856230595696908
8.85	9.77653475	1.30836201565088	-0.683020349695974
8.9	9.8415415	1.34645744126373	-0.48486783507951
8.95	9.90654825	1.37086090798688	-0.261773051847519
9	9.971555	1.379951	-0.013736
9.05	10.0244917	1.3768398089575	0.129272855176475
9.1	10.0774284	1.36647692778193	0.2602399045449
9.15	10.1303651	1.34949980993483	0.379165148105275
9.2	10.1833018	1.3265459088777	0.4860485858576
9.25	10.2362385	1.29825267807206	0.580890217801875
9.3	10.2891752	1.26525757097944	0.6636900439381
9.35	10.3421119	1.22819804106136	0.734448064266275
9.4	10.3950486	1.18771154177933	0.7931642787864
9.45	10.4479853	1.14443552659487	0.839838687498475
9.5	10.500922	1.0990074489695	0.8744712904025
9.55	10.5538587	1.05206476236474	0.897062087498475
9.6	10.6067954	1.00424492024211	0.9076110787864
9.65	10.6597321	0.95618537606313	0.906118264266276
9.7	10.7126688	0.908523583289316	0.892583643938101
9.75	10.7656055	0.861896995382187	0.867007217801876
9.8	10.8185422	0.816943065803264	0.8293889858576
9.85	10.8714789	0.774299248014064	0.779728948105276
9.9	10.9244156	0.734602995476108	0.7180271045449
9.95	10.9773523	0.698491761650913	0.644283455176476
10	11.030289	0.666603	0.558498
10.05	11.08330705	0.637815132077781	0.527625176090687
10.1	11.1363251	0.610638890042137	0.497702633645513
10.15	11.18934315	0.585023891822888	0.468730372664477
10.2	11.2423612	0.560919755349856	0.440708393147579
10.25	11.29537925	0.538276098552859	0.413636695094819
10.3	11.3483973	0.517042539361719	0.387515278506197
10.35	11.40141535	0.497168695706255	0.362344143381714
10.4	11.4544334	0.478604185516288	0.338123289721368
10.45	11.50745145	0.461298626721638	0.314852717525161
10.5	11.5604695	0.445201637252125	0.292532426793092
10.55	11.61348755	0.43026283503757	0.271162417525161
10.6	11.6665056	0.416431838007792	0.250742689721368
10.65	11.71952365	0.403658264092612	0.231273243381714
10.7	11.7725417	0.391891731221851	0.212754078506197
10.75	11.82555975	0.381081857325328	0.195185195094819
10.8	11.8785778	0.371178260332864	0.178566593147579
10.85	11.93159585	0.362130558174279	0.162898272664477
10.9	11.9846139	0.353888368779393	0.148180233645513
10.95	12.03763195	0.346401310078027	0.134412476090687
11	12.090650	0.339619	0.121595
11.05	12.1434192	0.333499490183956	0.110451116338925
11.1	12.1961884	0.327950429322928	0.0999744730632263
11.15	12.2489576	0.322936607675572	0.0901650701729039
11.2	12.3017268	0.318422815500544	0.0810229076679578
11.25	12.354496	0.3143738430565	0.0725479855483881
11.3	12.4072652	0.310754480602096	0.0647403038141947
11.35	12.4600344	0.307529518395988	0.0575998624653776
11.4	12.5128036	0.304663746696832	0.0511266615019368
11.45	12.5655728	0.302121955763284	0.0453207009238723
11.5	12.618342	0.299868935854	0.0401819807311841
11.55	12.6711112	0.297869477227636	0.0357105009238723
11.6	12.7238804	0.296088370142848	0.0319062615019368
11.65	12.7766496	0.294490404858292	0.0287692624653775
11.7	12.8294188	0.293040371632624	0.0262995038141947
11.75	12.882188	0.2917030607245	0.0244969855483881
11.8	12.9349572	0.290443262392576	0.0233617076679578
11.85	12.9877264	0.289225766895508	0.0228936701729039
11.9	13.0404956	0.288015364491952	0.0230928730632263
11.95	13.0932648	0.286776845440564	0.023959316338925
12	13.146034	0.285475	0.025493
12.05	13.19910475	0.284165543357723	0.0238652591089371
12.1	13.2521755	0.282940772510185	0.0223015698906177
12.15	13.30524625	0.281797288187074	0.0208019323450417
12.2	13.358317	0.28073169111808	0.0193663464722093
12.25	13.41138775	0.279740582032891	0.0179948122721202
12.3	13.4644585	0.278820561661195	0.0166873297447746
12.35	13.51752925	0.277968230732682	0.0154438988901725
12.4	13.5706	0.27718018997704	0.0142645197083139
12.45	13.62367075	0.276453040123958	0.0131491921991987
12.5	13.6767415	0.275783381903125	0.012097916362827
12.55	13.72981225	0.275167816044229	0.0111106921991987
12.6	13.782883	0.27460294327696	0.0101875197083139
12.65	13.83595375	0.274085364331006	0.00932839889017253
12.7	13.8890245	0.273611679936055	0.00853332974477465
12.75	13.94209525	0.273178490821797	0.00780231227212022
12.8	13.995166	0.27278239771792	0.00713534647220925
12.85	14.04823675	0.272420001354113	0.00653243234504175
12.9	14.1013075	0.272087902460065	0.0059935698906177
12.95	14.15437825	0.271782701765464	0.00551875910893713
13	14.207449	0.271501	0.005108
13.05	14.2600142	0.271274653837145	0.00351829039259814
13.1	14.3125794	0.27112962001564	0.00201422916492279
13.15	14.3651446	0.271061396411275	0.000595816316973956
13.2	14.4177098	0.27106548089984	-0.00073694815124837
13.25	14.470275	0.271137371357125	-0.00198406423974418
13.3	14.5228402	0.27127256565892	-0.00314553194851349
13.35	14.5754054	0.271466561681015	-0.00422135127755627
13.4	14.6279706	0.2717148572992	-0.00521152222687256
13.45	14.6805358	0.272012950389265	-0.00611604479646232
13.5	14.733101	0.272356338827	-0.00693491898632558
13.55	14.7856662	0.272740520488195	-0.00766814479646232
13.6	14.8382314	0.27316099324864	-0.00831572222687255
13.65	14.8907966	0.273613254984125	-0.00887765127755628
13.7	14.9433618	0.27409280357044	-0.00935393194851348
13.75	14.995927	0.274595136883375	-0.00974456423974419
13.8	15.0484922	0.27511575279872	-0.0100495481512484
13.85	15.1010574	0.275650149192265	-0.010268883683026
13.9	15.1536226	0.2761938239398	-0.0104025708350772
13.95	15.2061878	0.276742274917115	-0.0104506096074019
14	15.258753	0.277291	-0.010413